> input:

x = analyze(lambda j: event_sequence(j, [
    "spy enters conversation.",
    ["spy leaves conversation.", "sniper shot spy.", "sniper shot civilian.", "spy ran out of time.", "missions completed successfully."]
], first=False),
            limit=500,
            categorization=cats.by_sniper_player,
            progress_reports=True,)
y = analyze(conversationLengths, limit=500, categorization=cats.by_sniper_player, progress_reports=True)

print(x)
print(y)

> output:

Analyzing, please wait...
0%                     25%                      50%                      75%                     100%
|||||||||||||||||||||||||||||||||||||||||||||||||||||||||||||||||||||||||||||||||||||||||||||||||||||
Analyzing, please wait...
0%                     25%                      50%                      75%                     100%
|||||||||||||||||||||||||||||||||||||||||||||||||||||||||||||||||||||||||||||||||||||||||||||||||||||
{'lazybear': [[31.8, 6.2, 56.8], [134.6], [37.4, 6.8, 56.1, 8.1, 8.1, 14.3], [38.4, 12.6, 19.9, 14.6], [31.8, 1.2, 3.0, 2.3, 16.6, 23.3], [0.1, 3.7, 5.6, 9.7, 10.4, 28.9], [49.5, 27.0, 17.3], [11.5, 40.9, 4.2, 17.3, 10.4]], 'humankirby': [[31.3, 33.0], [24.3, 33.7, 131.5], [21.5, 22.0, 34.8]], 'skrewwl00se': [[7.3, 56.8, 28.8, 8.7], [19.6, 18.7, 14.4], [23.4, 107.5], [42.2], [72.8, 25.2, 13.5], [57.9, 39.8, 19.6], [38.5], [69.3, 2.6], [18.7, 19.7, 34.9, 18.7, 2.3]], 'ekajarmstro': [[13.4, 1.2, 2.2, 21.9, 12.8, 4.0], [30.7, 40.7, 21.0], [28.5, 14.4, 26.3, 18.1, 16.2]], 'Watermeat/steam': [[39.3, 35.5, 25.1], [24.4, 30.6, 9.1]], 'checker': [[41.0, 13.1, 8.5, 7.8], [24.2, 70.1, 14.7, 19.2, 12.6], [4.5, 38.4]], 'Sheph/steam': [[33.2, 21.3], [32.9], [78.7, 10.7]], 'falconhit': [[43.7, 27.8, 62.3], [18.5], [2.3, 15.9], [18.9, 6.7], [100.2, 29.4, 30.0], [12.1, 61.0, 25.8], [5.0, 138.3], [38.9, 42.2, 4.0]], 'cleetose': [[46.3, 15.8, 16.1, 1.6, 6.3, 3.9], [80.6, 8.3, 12.3], [13.8, 20.5, 33.8, 25.6, 17.2, 13.5]], 'ascendbeyond': [[13.1, 15.8], [30.1, 23.9], [38.9, 35.5, 46.0, 17.0], [55.4, 33.0, 26.4]], 'monaters': [[41.6, 19.2], [38.2, 12.9, 12.9, 16.3]], 'brskaylor': [[9.8, 39.3], [27.6, 17.5], [3.0, 2.1, 17.3], [14.2, 13.8, 3.4, 15.6, 7.0, 4.5, 10.3, 7.8], [18.2, 13.8, 21.3, 26.5, 10.5]], 'Kotte/steam': [[83.2], [116.5, 14.8], [95.3, 4.7], [44.1, 67.6, 4.4], [65.9, 23.1, 50.0, 6.0], [26.6, 30.7], [10.3, 37.9, 3.6], [18.0, 27.3, 18.6, 6.2], [58.5, 40.4, 54.2]], 'portalfreek': [[16.1], [26.0], [36.8, 101.3, 8.6], [35.0, 26.5, 16.9, 0.1, 4.1, 18.4, 18.0], [122.6, 57.2], [50.2, 66.6]], 'sharper': [[7.3, 24.3], [48.5, 24.4, 7.2, 19.7, 18.8], [28.5, 7.7, 5.7], [31.8, 26.2], [31.1, 67.8, 8.8], [52.0, 18.8, 29.5], [9.7, 22.1, 24.3, 13.7, 16.5]], 'spedmonkey': [[34.2, 3.0, 0.8, 3.3], [76.3, 64.0, 4.8, 0.7, 2.8, 7.2], [34.6, 26.6], [55.1, 16.8, 24.7]], 'and': [[20.5, 42.2, 2.0]], 'tge': [[19.4, 5.9, 25.5, 11.5, 17.5, 15.4, 11.3, 17.8, 3.3]], 'mistajinxy': [[13.1, 20.9], [41.9, 18.1, 54.3, 30.4, 20.5]], 'wodar': [[28.4], [63.1, 33.1, 5.1], [7.5, 64.3, 18.0, 51.5], [65.2, 42.4, 4.4], [19.7, 22.1], [17.7, 62.7, 26.6, 26.1], [85.9], [5.8, 25.4]], 'elvisnake': [[4.2, 7.7, 16.5, 22.0, 11.3, 17.3, 12.1], [11.7], [93.4, 43.0]], 'teetery': [[2.0, 28.9, 8.6]], 'dbdkmezz': [[12.9, 15.4, 43.2, 19.3, 11.8, 12.2, 7.5, 4.7], [18.7, 4.8, 28.1, 0.1, 17.1, 23.1, 14.9, 11.5], [21.5, 24.1], [36.4, 15.8, 6.8], [19.8, 42.9, 12.9, 30.3]], 'Joez/steam': [[52.3]], 'hunu': [[35.2, 8.8, 39.5], [43.6, 30.5], [11.8, 68.2, 30.1, 29.6, 2.7], [82.6, 74.2], [23.6, 107.8]], 's76561197995352411/steam': [[22.5, 35.9, 69.8], [24.7, 29.6, 30.3], [23.0, 34.2, 3.7, 0.1, 5.0]], 'jd105l': [[20.5, 26.8], [17.3, 26.6, 35.9, 33.2, 7.3], [43.7], [26.6, 29.0]], 'alteffor': [[62.0]], 'pox': [[20.6, 12.4, 22.1, 29.3], [52.4, 19.4, 22.4], [84.1, 8.5], [66.4, 34.7], [95.6, 3.7, 12.3], [36.5, 5.0, 21.6, 7.2, 19.0, 22.6], [59.9, 25.1, 17.4, 5.7]], 'orac': [[28.7, 38.7, 24.9, 24.1, 14.4], [37.0, 23.7], [12.0, 9.1, 5.5, 2.6], [1.7, 1.1, 17.6], [11.4, 17.1, 35.2, 53.7], [23.5, 41.1, 24.5, 27.4]], 'gabrio/steam': [[6.1, 16.3, 74.5], [17.2, 19.3, 18.4, 30.9, 4.3], [25.1, 20.7, 11.1]], 'Cartwright/steam': [[18.8, 6.8], [118.8], [76.8, 20.2, 2.8], [87.0, 32.7, 13.8]], 'waterhouse': [[12.7, 2.1, 1.9, 30.3, 11.8, 19.5, 10.8, 12.4, 13.5], [31.1, 63.7], [67.6, 12.3]], 'quicklime': [[25.7, 23.7, 35.4, 11.5], [21.4, 3.1, 0.3, 22.4, 12.0], [35.1, 4.1], [27.6, 36.0, 10.5, 34.0, 14.6], [0.1, 23.5], [24.3, 17.3, 41.6], [8.7, 40.6, 39.6, 39.6, 17.3], [9.0, 8.2], [30.8, 16.8, 28.6, 13.0, 16.3], [49.5, 20.0, 7.4, 5.1], [37.2], [35.3, 16.6, 24.3]], 'darkersolstice': [[58.5]], 'turnipboy': [[21.2, 15.1], [26.3, 12.5, 17.5, 11.0], [7.9, 9.3, 15.3, 15.8], [100.0, 7.9, 31.3, 7.5], [24.1, 91.6, 0.9, 16.5, 22.9, 57.5], [51.9, 24.2]], 'dowsey': [[2.2], [25.9, 148.6], [46.8, 39.6], [158.8, 17.5], [18.2, 47.1, 18.0, 40.1, 8.7], [33.6], [11.6, 25.7, 11.6, 33.8, 2.4], [76.7, 14.5]], 'Calvin Schoolidge/steam': [[25.4, 42.1, 19.9], [37.2, 14.3, 11.1], [6.6, 10.0, 5.7, 93.2], [7.3, 30.8, 12.9, 40.7, 12.3], [34.3], [57.9, 21.6, 25.1, 20.6], [6.0]], 'yerand': [[6.8, 23.5, 26.3, 22.3, 18.5], [15.3, 21.9], [16.2, 46.3, 24.3, 9.3, 13.7, 23.1], [62.5, 23.9, 43.8], [52.5, 0.0, 45.1, 61.6, 9.8], [37.0, 29.0], [61.8, 23.6, 74.7], [22.5, 91.2]], 'paragon12321': [[20.5, 13.2, 14.5]], 'jinetic': [[92.5, 31.1, 33.3, 5.3, 11.8], [17.3, 14.9, 49.3]], 'blackjack66/steam': [[8.3, 114.3]], 'iggythegrifter': [[69.5], [7.6, 78.1, 9.3, 2.9, 14.3], [43.4], [31.1, 22.2, 15.0], [32.6, 25.4]], 'fancypants': [[12.7, 15.7, 12.0, 59.5], [22.6], [23.3, 16.8, 43.1, 26.3], [33.0, 54.6, 7.7], [16.5, 33.8, 24.1, 14.9], [78.9, 8.4]], 'ml726': [[27.6, 3.1, 1.5, 68.3], [45.5, 40.8], [25.3, 83.6], [25.0, 5.0], [6.5, 8.0, 12.9, 12.9, 71.6, 1.8, 14.0]], 'OpiWrites/steam': [[15.5, 13.8, 6.8, 3.0], [16.1, 31.8, 37.1, 28.1, 9.3, 16.3], [35.9], [19.7, 32.3, 28.8], [4.8, 8.2, 23.2, 14.0, 41.4, 10.8], [20.9, 0.2, 43.7, 23.2, 15.4], [19.1, 8.5, 13.2, 17.0, 15.6], [12.5, 13.5, 15.8, 3.4]], 's76561197998032388/steam': [[34.7, 3.1, 1.0], [7.4, 39.9, 55.3, 11.7], [59.3, 24.8]], 'davidw': [[35.1, 45.1], [151.6], [10.1], [25.2, 105.6, 14.8, 11.1], [24.8, 7.9, 21.7, 19.1], [35.5], [29.5]], 'c00n': [[5.6, 9.8, 7.2, 24.8], [46.4, 13.2]], 'Vac58/steam': [[37.7, 29.4, 9.2], [19.8, 32.2, 14.9, 26.8, 9.0, 36.8, 0.6], [12.4, 4.0, 25.1]], 'Ryooo/steam': [[21.0, 39.0, 19.4, 17.0], [11.5, 5.1, 25.0, 10.2], [58.2, 12.5], [22.3, 36.1, 34.0], [8.4, 72.1, 8.6], [24.2, 31.8], [44.6, 9.5, 6.3, 82.1], [53.8, 20.9, 17.3, 15.8, 2.0, 3.0], [20.7, 16.8, 24.7, 17.7, 11.6], [8.7, 25.2, 50.7, 22.1, 6.5]], 'Smiddy/steam': [[12.6, 33.7, 68.1, 7.2], [88.6, 30.2, 4.4], [18.5, 48.8, 14.3, 25.3]], 'motionblur': [[65.9, 23.6, 16.0], [40.3]], 'alibi': [[21.2, 16.3, 64.4], [11.6, 17.6, 14.9], [34.9, 20.1, 10.3]], 'mrrgrs': [[41.5, 41.7], [21.5, 28.0, 13.2, 31.6, 55.9], [12.5, 14.8, 3.1, 20.9, 17.0]], 'pofke': [[7.7, 25.1, 13.7], [7.9, 16.6, 15.0, 31.1, 29.8, 9.0], [5.6, 8.5], [56.6, 46.3, 1.0, 3.0, 1.2], [76.2, 11.8, 13.8], [48.7, 17.6], [22.4, 7.1], [61.8, 53.6], [33.2, 36.0]], 'Pizzelio/steam': [[16.2, 69.7]], 'Max Edward Snax/steam': [[35.2], [30.4, 28.0], [43.4, 68.4, 13.7], [143.3], [9.0, 41.0, 1.1, 3.1, 0.4, 17.1, 8.2], [68.2, 26.1, 8.4]], 'pwndnoob': [[53.0, 14.6, 2.3], [23.8], [18.9, 24.3], [17.1, 68.9], [48.6, 125.9]], 'Legorve Genine/steam': [[23.2, 42.8, 21.4, 33.1], [24.1, 36.9, 58.5], [41.5, 51.7], [14.9, 38.8, 9.2, 21.3]], 'Yglini/steam': [[30.5, 14.9, 36.5, 36.6], [22.2, 19.0, 30.6, 20.1, 10.3, 13.3]], 'soolseem': [[49.8, 95.9], [95.8], [28.1, 9.3, 27.3, 19.0], [13.5, 6.8, 2.2, 4.8]], 'jecat': [[8.1, 9.3]], 'Corvusmellori/steam': [[35.1, 24.4]], 'sykosloth': [[12.6], [24.7, 21.5, 24.4]], 'ninjafairy': [[6.6, 11.3, 20.9, 50.4], [25.2, 56.3, 20.2], [16.9, 24.2, 11.7, 16.7, 14.1, 22.3, 12.4], [21.7, 11.6], [39.9, 26.7, 45.8]], 'canadianbacon': [[18.8, 1.9], [26.8, 3.7, 3.1, 1.9]], 'pash1k': [[0.7, 26.2], [14.4, 38.2, 23.9, 7.9]], 'mrmrhi': [[59.6, 29.7], [20.3, 10.0, 3.1, 0.9, 13.2, 12.0, 0.7, 3.1, 2.0, 38.4, 12.4]], 'turnout8': [[57.3, 8.6], [54.8, 8.5, 7.6], [58.2, 61.7, 10.0, 21.3], [2.1, 7.2, 45.2], [27.1, 3.1, 0.9, 22.9, 50.0, 11.3], [4.4, 4.9, 2.1, 20.0, 15.1, 0.5, 2.5]], 'Alexare/steam': [[11.8, 40.2, 6.5, 20.0], [22.1, 16.6, 18.5, 63.7], [20.4, 11.3], [43.6, 58.1], [11.2, 11.3, 22.2, 8.2, 12.4, 34.3, 9.2]], 'nanthelas': [[14.1, 16.2, 17.5, 13.7, 10.0], [4.8], [22.9, 15.9, 7.4, 19.0, 19.2], [7.8, 25.9, 76.0]], 'james1221': [[3.2, 0.6, 24.1]], 'magicdoer1': [[11.4, 16.5, 36.3, 43.0], [30.6, 11.9, 9.9], [29.9, 55.9], [42.6, 26.1, 15.6, 1.3, 3.1]], 'royalflush': [[18.9, 48.1, 12.4], [41.4, 3.9, 30.3]], 'plastikqs': [[77.2, 8.7], [38.1, 9.9, 20.9], [49.8, 24.2, 38.2, 29.2]], 'krazycaley': [[28.3, 19.7, 68.0, 8.4, 37.8], [8.2, 12.0], [39.1, 15.9, 7.9], [106.5, 27.0]], 'paratroopa': [[23.7, 24.7, 43.9, 27.6], [32.5, 14.2], [119.4, 52.3], [56.4, 75.1, 30.1, 23.6]], 'zerodoom': [[30.9, 124.5], [83.5, 23.4, 26.3], [19.4, 12.5, 17.0, 7.5, 20.3]], 'Harren/steam': [[28.3, 16.0, 25.4, 17.7], [19.9, 40.9, 31.7], [62.9, 24.9, 16.8, 6.2, 12.5]], 'lauras43/steam': [[7.2, 13.8, 20.2, 7.7, 26.9, 12.2], [76.8, 37.7]], 'scallions': [[6.5, 13.9], [13.0, 42.1, 3.9], [25.8, 49.5]], 'amlabella': [[49.4, 36.1, 20.3, 39.2, 8.0], [44.7, 30.4], [15.2]], 'catnip': [[16.5, 12.0], [37.6, 26.4, 6.8, 17.8], [10.2, 20.5, 90.2], [4.2, 6.7, 28.5, 39.6, 4.7, 13.4], [51.7, 159.1], [13.8, 23.1]], 'slappydavis': [[14.3], [34.3, 27.0, 13.6, 29.4, 8.7], [12.9, 17.6, 61.7], [24.2, 6.3, 10.1, 28.3, 19.9], [54.0, 15.6, 12.9]], 'tflameee/steam': [[26.4, 38.9, 15.7, 36.2]], 'sikeeatric': [[27.7, 32.3], [31.3, 3.9], [9.4], [12.2, 5.6, 34.4, 37.1, 25.1], [7.7, 30.0, 8.5], [10.6, 15.1, 34.6, 19.9, 15.1]], 'cameraman': [[86.0, 23.9, 52.4], [11.9, 1.0, 25.3, 9.5], [62.5], [20.7, 6.7, 26.9, 30.5]], 'mintyrug': [[41.6], [24.8, 29.6, 24.1, 7.7, 16.3], [25.6, 10.2, 10.2, 23.3, 2.2], [14.4, 43.5, 30.7, 40.3]], 'arturiax': [[1.9, 9.9, 78.3, 17.2, 16.0], [14.3, 18.6, 30.2], [23.7, 15.6, 27.7], [26.1, 40.5, 14.1, 25.5]], 'yeesh': [[46.4, 51.4], [45.3, 18.2], [2.9, 1.1, 2.1, 11.3], [11.6]], 'sgnurf': [[24.0, 32.3, 34.4, 0.4, 16.5], [28.5, 63.4, 5.0], [21.7], [10.7, 14.2, 21.7, 16.7]], 'pipesuper24': [[24.8, 63.7, 14.7], [108.4], [96.8, 40.3, 9.1]], 'Silverthorn/steam': [[16.7, 43.9], [38.5], [19.9, 27.0, 19.1]], 'badplayer': [[13.2, 4.5, 29.4, 76.8], [25.6, 23.0, 3.1], [68.4, 8.7, 32.2]], 'basshead': [[30.2, 36.3], [20.5, 18.2, 11.6, 12.5], [18.1, 13.4, 24.3, 21.2]], 'Tabsies/steam': [[4.6, 18.6, 6.6, 16.3], [23.6, 13.1, 11.4], [1.9, 36.9, 6.8, 2.5, 8.4]], 'degran': [[15.0, 20.1, 64.4, 21.4]], 'mastrblastr/steam': [[39.9, 43.7]], 'AndiVx/steam': [[27.5, 14.2, 39.1], [38.3, 14.6, 24.2, 44.6, 15.0], [53.2, 11.3, 2.6]], 'Rooks/steam': [[62.0, 48.0]], 'virifaux': [[50.8, 6.5], [22.0]], 'baldrick': [[16.2, 34.3, 5.8, 62.4], [73.0, 4.6]], 'Sun Bro/steam': [[29.3, 17.3], [80.4, 23.6]], 'Collateral Damage/steam': [[94.4, 56.1], [55.7, 11.3, 17.2, 21.0]], 'belial': [[41.1, 41.0, 17.3, 23.4], [49.0, 29.6, 48.6], [26.8, 22.1, 18.4, 23.1], [15.4, 11.7, 19.6]], 'c9high': [[101.5], [10.3, 35.6, 24.3, 16.4]], 'kcmmmmm': [[96.8, 6.8, 31.5], [13.3], [41.5, 15.7, 21.1, 16.6]], 'zerotka': [[36.2, 43.6, 31.6, 9.2]], 'bananaconda': [[14.4, 38.2, 22.7, 25.5, 58.8], [21.2, 11.9, 15.9], [55.4]], 'Tortuga-Man/steam': [[26.7, 53.0, 38.9, 17.0, 8.5]], 'marimo': [[56.7, 3.1, 1.8, 44.2, 8.6], [58.5, 23.0]], 'sergioc89': [[22.0, 65.1, 54.1, 12.3]], 'bloom': [[8.0, 10.9, 7.7, 24.2, 10.2, 10.7], [4.4, 13.7, 15.2, 6.2, 5.8]], 'magician1099': [[15.9, 26.5, 8.6, 24.0, 20.6], [14.8, 7.5, 32.3, 10.6, 7.4], [15.1, 34.9], [9.2, 8.3, 37.9, 11.4]], 'xryanmacx': [[12.4, 23.8, 10.4, 13.1], [5.6, 16.6, 8.5, 7.4, 3.2, 9.9, 14.0, 12.0]], 'dels': [[113.3], [23.4, 17.9, 22.3]], 'Augleb240/steam': [[1.3, 14.9, 25.3, 17.8, 30.6]], 'warningtrack': [[25.4, 4.9], [36.0, 21.1, 22.3, 12.5, 27.2], [42.8, 59.5, 24.6]], 'Cerinn/steam': [[17.3, 24.8, 22.5, 16.3, 14.6]], 'bayushi': [[10.4, 23.0, 7.3, 11.7, 25.8], [31.0, 25.7, 21.5]], 's76561198202214763/steam': [[18.2, 30.7, 27.6, 14.3, 5.8]], 'ohgodaguy': [[107.7], [29.4, 24.9]], 'Ryooo*/steam': [[17.6, 10.5, 13.2, 23.1, 5.0, 5.4]], 'ibutra': [[61.1, 34.0, 16.9, 50.1]], 'moon': [[19.2, 3.2]], 'jyaty': [[124.4], [23.2, 10.4, 3.0, 0.6, 69.2, 16.0]], 'xemnes': [[19.5, 11.9, 20.6, 0.8, 3.1, 0.7]], 'c0vered/steam': [[78.0, 8.3]], 'the_usual_toaster/steam': [[60.3, 34.3, 25.4, 14.6], [10.5, 71.5], [30.7]], 'yoric': [[18.4, 53.1, 16.7]], 'gregdebonis': [[10.4, 6.8, 25.7, 4.2, 17.1], [64.0, 23.4, 25.1]], 'dukit': [[109.0, 69.4], [1.5, 3.0, 2.9, 16.5, 3.0, 1.0]], 'gmantsang': [[138.4, 14.8], [19.9, 44.4, 7.3, 13.8], [52.6]], 'leftylink': [[17.9, 40.8]], 'rta': [[6.5, 18.4]], 'Kmars133/steam': [[24.4, 23.4, 23.8]], 'beanie': [[22.6, 22.5, 13.4], [13.4, 20.9]], 'incnone': [[10.7, 35.7, 19.9, 10.1, 47.4]], 'ventuskitsune': [[34.3, 21.2, 17.5, 23.0], [46.4, 9.3]], 'abearrawr': [[54.7, 30.3, 7.6, 12.9], [60.5, 20.9, 15.5]], 'kaplow': [[5.0, 8.1]], 'umbertofinito': [[15.8, 25.9, 22.7]], 'TheForgot3n1/steam': [[4.5, 13.0]], '4D/steam': [[8.7, 32.8, 11.0]], 'basiQ/steam': [[20.9, 22.2, 10.4, 27.0, 30.2, 13.2, 11.1]], 'Beanie/steam': [[21.8, 3.0, 0.5, 29.4]], 'smonteGaming/steam': [[4.0, 13.0, 25.4, 12.4, 41.9], [85.5, 23.8]], 'Vlady/steam': [[6.8, 18.0, 4.4, 14.5, 13.6, 18.2]], 'Frostie/steam': [[65.0, 63.8], [10.6, 52.4, 8.7, 31.9], [69.5]], 'redscharlach': [[30.2, 23.1]], 'mvem': [[29.5, 45.3, 28.2, 1.5]], 'furbyfubar': [[0.8, 3.1, 0.7, 25.1, 37.6, 44.3, 8.2, 19.9, 8.4], [14.6, 25.6, 70.1, 5.8], [37.3, 1.3, 3.1, 1.3, 52.1]], 'bitbandingpig': [[22.1, 34.2, 23.1, 12.0, 17.0, 12.8]], 'hjkatz': [[2.9, 11.0, 10.4, 6.7, 65.5]]}
{'lazybear': [[31.8, 6.2, 56.8], [134.6], [37.4, 6.8, 56.1, 8.1, 8.1, 14.3], [38.4, 12.6, 19.9, 14.6], [15.9, 31.8, 1.2, 3.0, 2.3, 16.6, 23.3], [2.4, 0.1, 3.7, 5.6, 9.7, 10.4, 28.9], [49.5, 49.5, 27.0, 17.3], [11.5, 40.9, 4.2, 17.3, 10.4]], 'humankirby': [[31.3, 33.0], [24.3, 33.7, 131.5], [38.5, 21.5, 22.0, 34.8]], 'skrewwl00se': [[7.3, 56.8, 28.8, 8.7], [1.9, 19.6, 18.7, 14.4], [23.4, 107.5], [42.2], [72.8, 25.2, 13.5], [], [57.9, 39.8, 19.6], [38.5], [69.3, 2.6], [18.7, 19.7, 34.9, 18.7, 2.3]], 'ekajarmstro': [[13.4, 1.2, 2.2, 21.9, 12.8, 4.0], [23.9, 30.7, 40.7, 21.0], [28.5, 14.4, 26.3, 18.1, 16.2]], 'Watermeat/steam': [[39.3, 35.5, 25.1], [24.4, 30.6, 9.1]], 'checker': [[41.0, 13.1, 8.5, 7.8], [24.2, 70.1, 14.7, 19.2, 12.6], [4.5, 38.4]], 'Sheph/steam': [[33.2, 21.3], [32.9], [78.7, 10.7]], 'falconhit': [[43.7, 27.8, 62.3], [18.5], [2.3, 15.9], [1.1, 18.9, 6.7], [100.2, 29.4, 30.0], [12.1, 61.0, 25.8], [5.0, 138.3], [38.9, 42.2, 4.0]], 'cleetose': [[46.3, 15.8, 16.1, 1.6, 6.3, 3.9], [80.6, 8.3, 12.3], [13.8, 20.5, 33.8, 25.6, 17.2, 13.5]], 'ascendbeyond': [[42.9, 13.1, 15.8], [28.3, 30.1, 23.9], [38.9, 35.5, 46.0, 17.0], [55.4, 33.0, 26.4]], 'monaters': [[41.6, 19.2], [38.2, 12.9, 12.9, 16.3]], 'brskaylor': [[53.7, 9.8, 39.3], [43.9, 27.6, 17.5], [47.6, 3.0, 2.1, 17.3], [14.2, 13.8, 3.4, 15.6, 7.0, 4.5, 10.3, 7.8], [18.2, 13.8, 21.3, 26.5, 10.5]], 'Kotte/steam': [[20.2, 83.2], [36.7, 116.5, 14.8], [95.3, 4.7], [44.1, 67.6, 4.4], [65.9, 23.1, 50.0, 6.0], [26.6, 30.7], [1.6, 10.3, 37.9, 3.6], [18.0, 27.3, 18.6, 6.2], [10.1, 58.5, 40.4, 54.2]], 'portalfreek': [[16.1], [26.0], [36.8, 101.3, 8.6], [35.0, 26.5, 16.9, 0.1, 4.1, 18.4, 18.0], [7.9, 122.6, 57.2], [50.2, 66.6]], 'sharper': [[7.3, 24.3], [48.5, 24.4, 7.2, 19.7, 18.8], [19.4, 28.5, 7.7, 5.7], [31.8, 26.2], [31.1, 67.8, 8.8], [52.0, 18.8, 29.5], [20.2, 9.7, 22.1, 24.3, 13.7, 16.5]], 'spedmonkey': [[34.2, 3.0, 0.8, 3.3], [76.3, 64.0, 4.8, 0.7, 2.8, 7.2], [34.6, 26.6], [55.1, 16.8, 24.7]], 'and': [[4.5, 20.5, 42.2, 2.0]], 'tge': [[19.4, 5.9, 25.5, 11.5, 17.5, 15.4, 11.3, 17.8, 3.3]], 'mistajinxy': [[13.1, 20.9], [41.9, 18.1, 54.3, 30.4, 20.5]], 'wodar': [[73.7, 28.4], [63.1, 33.1, 5.1], [7.5, 64.3, 18.0, 51.5], [65.2, 42.4, 4.4], [19.7, 22.1], [17.7, 62.7, 26.6, 26.1], [0.8, 85.9], [], [5.8, 25.4]], 'elvisnake': [[4.2, 7.7, 16.5, 22.0, 11.3, 17.3, 12.1], [11.7], [93.4, 43.0]], 'teetery': [[2.0, 28.9, 8.6]], 'dbdkmezz': [[12.9, 15.4, 43.2, 19.3, 11.8, 12.2, 7.5, 4.7], [18.7, 4.8, 28.1, 0.1, 17.1, 23.1, 14.9, 11.5], [73.9, 21.5, 24.1], [36.4, 15.8, 6.8], [], [19.8, 42.9, 12.9, 30.3]], 'Joez/steam': [[61.7, 52.3], []], 'hunu': [[35.2, 8.8, 39.5], [43.6, 30.5], [11.8, 68.2, 30.1, 29.6, 2.7], [82.6, 74.2], [23.6, 107.8]], 's76561197995352411/steam': [[22.5, 35.9, 69.8], [24.7, 29.6, 30.3], [13.4, 23.0, 34.2, 3.7, 0.1, 5.0]], 'jd105l': [[20.5, 26.8], [17.3, 26.6, 35.9, 33.2, 7.3], [43.7], [26.6, 29.0]], 'alteffor': [[62.0]], 'pox': [[20.6, 12.4, 22.1, 29.3], [52.4, 19.4, 22.4], [84.1, 8.5], [66.4, 34.7], [95.6, 3.7, 12.3], [36.5, 5.0, 21.6, 7.2, 19.0, 22.6], [59.9, 25.1, 17.4, 5.7]], 'orac': [[28.7, 38.7, 24.9, 24.1, 14.4], [37.0, 23.7], [12.0, 9.1, 5.5, 2.6], [1.7, 1.1, 17.6], [11.4, 17.1, 35.2, 53.7], [23.5, 41.1, 24.5, 27.4]], 'gabrio/steam': [[6.1, 16.3, 74.5], [17.2, 19.3, 18.4, 30.9, 4.3], [25.1, 20.7, 11.1]], 'Cartwright/steam': [[18.8, 6.8], [118.8], [0.2, 76.8, 20.2, 2.8], [87.0, 32.7, 13.8]], 'waterhouse': [[12.7, 2.1, 1.9, 30.3, 11.8, 19.5, 10.8, 12.4, 13.5], [31.1, 63.7], [2.6, 67.6, 12.3]], 'quicklime': [[25.7, 23.7, 35.4, 11.5], [21.4, 3.1, 0.3, 22.4, 12.0], [20.5, 35.1, 4.1], [27.6, 36.0, 10.5, 34.0, 14.6], [1.3, 0.1, 23.5], [24.3, 17.3, 41.6], [8.7, 40.6, 39.6, 39.6, 17.3], [9.0, 8.2], [30.8, 16.8, 28.6, 13.0, 16.3], [49.5, 20.0, 7.4, 5.1], [37.2], [35.3, 16.6, 24.3]], 'darkersolstice': [[58.5]], 'turnipboy': [[21.2, 15.1], [26.3, 12.5, 17.5, 11.0], [7.9, 9.3, 15.3, 15.8], [100.0, 7.9, 31.3, 7.5], [24.1, 91.6, 0.9, 16.5, 22.9, 57.5], [51.9, 24.2]], 'dowsey': [[2.2], [25.9, 148.6], [46.8, 39.6], [158.8, 17.5], [18.2, 47.1, 18.0, 40.1, 8.7], [33.6], [11.6, 25.7, 11.6, 33.8, 2.4], [76.7, 14.5]], 'Calvin Schoolidge/steam': [[25.4, 42.1, 19.9], [37.2, 14.3, 11.1], [24.2, 6.6, 10.0, 5.7, 93.2], [7.3, 30.8, 12.9, 40.7, 12.3], [32.9, 34.3], [57.9, 21.6, 25.1, 20.6], [6.0]], 'yerand': [[189.4, 6.8, 23.5, 26.3, 22.3, 18.5], [15.3, 21.9], [16.2, 46.3, 24.3, 9.3, 13.7, 23.1], [62.5, 23.9, 43.8], [52.5, 0.0, 45.1, 61.6, 9.8], [37.0, 29.0], [61.8, 23.6, 74.7], [22.5, 91.2]], 'paragon12321': [[20.5, 13.2, 14.5]], 'jinetic': [[92.5, 31.1, 33.3, 5.3, 11.8], [17.3, 14.9, 49.3]], 'blackjack66/steam': [[8.3, 114.3]], 'iggythegrifter': [[32.7, 69.5], [16.0, 7.6, 78.1, 9.3, 2.9, 14.3], [43.4], [31.1, 22.2, 15.0], [32.6, 25.4]], 'fancypants': [[12.7, 15.7, 12.0, 59.5], [22.6], [23.3, 16.8, 43.1, 26.3], [33.0, 54.6, 7.7], [16.5, 33.8, 24.1, 14.9], [78.9, 8.4]], 'ml726': [[27.6, 3.1, 1.5, 68.3], [45.5, 40.8], [25.3, 83.6], [25.0, 5.0], [6.5, 8.0, 12.9, 12.9, 71.6, 1.8, 14.0]], 'OpiWrites/steam': [[15.5, 13.8, 6.8, 3.0], [3.8, 16.1, 31.8, 37.1, 28.1, 9.3, 16.3], [35.9], [19.7, 32.3, 28.8], [4.8, 8.2, 23.2, 14.0, 41.4, 10.8], [20.9, 0.2, 43.7, 23.2, 15.4], [19.1, 8.5, 13.2, 17.0, 15.6], [16.0, 12.5, 13.5, 15.8, 3.4]], 's76561197998032388/steam': [[34.7, 3.1, 1.0], [7.4, 39.9, 55.3, 11.7], [59.3, 24.8]], 'davidw': [[35.1, 45.1], [151.6], [10.1], [25.2, 105.6, 14.8, 11.1], [24.8, 7.9, 21.7, 19.1], [35.5], [29.5]], 'c00n': [[12.4, 5.6, 9.8, 7.2, 24.8], [46.4, 13.2]], 'krazycaley': [[], [28.3, 19.7, 68.0, 8.4, 37.8], [8.2, 12.0], [39.1, 15.9, 7.9], [106.5, 27.0], []], 'Vac58/steam': [[37.7, 29.4, 9.2], [19.8, 32.2, 14.9, 26.8, 9.0, 36.8, 0.6], [12.4, 4.0, 25.1]], 'Ryooo/steam': [[21.0, 39.0, 19.4, 17.0], [11.5, 5.1, 25.0, 10.2], [58.2, 12.5], [22.3, 36.1, 34.0], [8.4, 72.1, 8.6], [0.6, 24.2, 31.8], [44.6, 9.5, 6.3, 82.1], [53.8, 20.9, 17.3, 15.8, 2.0, 3.0], [20.7, 16.8, 24.7, 17.7, 11.6], [8.7, 25.2, 50.7, 22.1, 6.5]], 'Smiddy/steam': [[12.6, 33.7, 68.1, 7.2], [21.9, 88.6, 30.2, 4.4], [18.5, 48.8, 14.3, 25.3]], 'motionblur': [[65.9, 23.6, 16.0], [40.3]], 'alibi': [[1.3, 21.2, 16.3, 64.4], [11.6, 17.6, 14.9], [17.1, 34.9, 20.1, 10.3]], 'mrrgrs': [[41.5, 41.7], [21.5, 28.0, 13.2, 31.6, 55.9], [12.5, 14.8, 3.1, 20.9, 17.0]], 'pofke': [[7.7, 25.1, 13.7], [7.9, 16.6, 15.0, 31.1, 29.8, 9.0], [5.6, 8.5], [56.6, 46.3, 1.0, 3.0, 1.2], [76.2, 11.8, 13.8], [48.7, 17.6], [22.4, 7.1], [61.8, 53.6], [], [33.2, 36.0]], 'Pizzelio/steam': [[16.2, 69.7]], 'Max Edward Snax/steam': [[0.7, 35.2], [30.4, 28.0], [43.4, 68.4, 13.7], [143.3], [9.0, 41.0, 1.1, 3.1, 0.4, 17.1, 8.2], [2.4, 68.2, 26.1, 8.4]], 'pwndnoob': [[53.0, 14.6, 2.3], [23.8], [18.9, 24.3], [84.7, 17.1, 68.9], [48.6, 125.9]], 'Legorve Genine/steam': [[23.2, 42.8, 21.4, 33.1], [24.1, 36.9, 58.5], [41.5, 51.7], [4.1, 14.9, 38.8, 9.2, 21.3]], 'Yglini/steam': [[30.5, 14.9, 36.5, 36.6], [22.2, 19.0, 30.6, 20.1, 10.3, 13.3]], 'soolseem': [[1.3, 49.8, 95.9], [1.0, 95.8], [28.1, 9.3, 27.3, 19.0], [13.5, 6.8, 2.2, 4.8]], 'jecat': [[8.1, 9.3]], 'Corvusmellori/steam': [[35.1, 24.4]], 'sykosloth': [[12.6], [4.0, 24.7, 21.5, 24.4]], 'ninjafairy': [[6.6, 11.3, 20.9, 50.4], [25.2, 56.3, 20.2], [16.9, 24.2, 11.7, 16.7, 14.1, 22.3, 12.4], [21.7, 11.6], [39.9, 26.7, 45.8]], 'canadianbacon': [[18.8, 1.9], [4.4, 26.8, 3.7, 3.1, 1.9]], 'pash1k': [[0.7, 26.2], [14.4, 38.2, 23.9, 7.9]], 'mrmrhi': [[59.6, 29.7], [20.3, 10.0, 3.1, 0.9, 13.2, 12.0, 0.7, 3.1, 2.0, 38.4, 12.4]], 'turnout8': [[57.3, 8.6], [54.8, 8.5, 7.6], [58.2, 61.7, 10.0, 21.3], [2.1, 7.2, 45.2], [27.1, 3.1, 0.9, 22.9, 50.0, 11.3], [4.4, 4.9, 2.1, 20.0, 15.1, 0.5, 2.5]], 'Alexare/steam': [[11.8, 40.2, 6.5, 20.0], [22.1, 16.6, 18.5, 63.7], [20.4, 11.3], [43.6, 58.1], [11.2, 11.3, 22.2, 8.2, 12.4, 34.3, 9.2]], 'nanthelas': [[14.1, 16.2, 17.5, 13.7, 10.0], [4.8], [22.9, 15.9, 7.4, 19.0, 19.2], [7.8, 25.9, 76.0]], 'james1221': [[31.9, 3.2, 0.6, 24.1]], 'magicdoer1': [[11.4, 16.5, 36.3, 43.0], [38.5, 30.6, 11.9, 9.9], [29.9, 55.9], [42.6, 26.1, 15.6, 1.3, 3.1]], 'royalflush': [[18.9, 48.1, 12.4], [], [41.4, 3.9, 30.3]], 'scallions': [[], [105.9, 6.5, 13.9], [27.1, 13.0, 42.1, 3.9], [25.8, 49.5]], 'plastikqs': [[77.2, 8.7], [38.1, 9.9, 20.9], [34.2, 49.8, 24.2, 38.2, 29.2]], 'paratroopa': [[23.7, 24.7, 43.9, 27.6], [32.5, 14.2], [119.4, 52.3], [56.4, 75.1, 30.1, 23.6]], 'zerodoom': [[30.9, 124.5], [83.5, 23.4, 26.3], [19.4, 12.5, 17.0, 7.5, 20.3]], 'Harren/steam': [[2.1, 28.3, 16.0, 25.4, 17.7], [19.9, 40.9, 31.7], [62.9, 24.9, 16.8, 6.2, 12.5]], 'lauras43/steam': [[7.2, 13.8, 20.2, 7.7, 26.9, 12.2], [1.5, 76.8, 37.7]], 'tflameee/steam': [[], [26.4, 38.9, 15.7, 36.2], []], 'amlabella': [[14.5, 49.4, 36.1, 20.3, 39.2, 8.0], [44.7, 30.4], [15.2]], 'catnip': [[16.5, 12.0], [37.6, 26.4, 6.8, 17.8], [10.2, 20.5, 90.2], [4.2, 6.7, 28.5, 39.6, 4.7, 13.4], [51.7, 159.1], [13.8, 23.1]], 'slappydavis': [[5.2, 14.3], [34.3, 27.0, 13.6, 29.4, 8.7], [12.9, 17.6, 61.7], [24.2, 6.3, 10.1, 28.3, 19.9], [2.7, 54.0, 15.6, 12.9]], 'sikeeatric': [[27.7, 32.3], [31.3, 3.9], [9.4], [12.2, 5.6, 34.4, 37.1, 25.1], [7.7, 30.0, 8.5], [10.6, 15.1, 34.6, 19.9, 15.1]], 'cameraman': [[86.0, 23.9, 52.4], [11.9, 1.0, 25.3, 9.5], [62.5], [20.7, 6.7, 26.9, 30.5]], 'mintyrug': [[43.8, 41.6], [24.8, 29.6, 24.1, 7.7, 16.3], [25.6, 10.2, 10.2, 23.3, 2.2], [11.2, 14.4, 43.5, 30.7, 40.3]], 'arturiax': [[1.9, 9.9, 78.3, 17.2, 16.0], [14.3, 18.6, 30.2], [23.1, 23.7, 15.6, 27.7], [26.1, 40.5, 14.1, 25.5]], 'yeesh': [[46.4, 51.4], [45.3, 18.2], [2.9, 1.1, 2.1, 11.3], [11.6]], 'sgnurf': [[19.2, 24.0, 32.3, 34.4, 0.4, 16.5], [28.5, 63.4, 5.0], [21.7], [10.7, 14.2, 21.7, 16.7]], 'pipesuper24': [[24.8, 63.7, 14.7], [62.9, 108.4], [96.8, 40.3, 9.1]], 'Silverthorn/steam': [[16.7, 43.9], [38.5], [19.9, 27.0, 19.1]], 'badplayer': [[13.2, 4.5, 29.4, 76.8], [38.7, 25.6, 23.0, 3.1], [68.4, 8.7, 32.2]], 'basshead': [[30.2, 36.3], [5.0, 20.5, 18.2, 11.6, 12.5], [18.1, 13.4, 24.3, 21.2]], 'Tabsies/steam': [[4.6, 18.6, 6.6, 16.3], [49.6, 23.6, 13.1, 11.4], [1.9, 36.9, 6.8, 2.5, 8.4]], 'degran': [[15.0, 20.1, 64.4, 21.4]], 'mastrblastr/steam': [[39.9, 43.7]], 'AndiVx/steam': [[27.5, 14.2, 39.1], [38.3, 14.6, 24.2, 44.6, 15.0], [33.0, 53.2, 11.3, 2.6]], 'Rooks/steam': [[16.4, 62.0, 48.0]], 'virifaux': [[50.8, 6.5], [22.0]], 'baldrick': [[16.2, 34.3, 5.8, 62.4], [73.0, 4.6]], 'Sun Bro/steam': [[29.3, 17.3], [80.4, 23.6]], 'Collateral Damage/steam': [[94.4, 56.1], [55.7, 11.3, 17.2, 21.0]], 'belial': [[41.1, 41.0, 17.3, 23.4], [0.9, 49.0, 29.6, 48.6], [26.8, 22.1, 18.4, 23.1], [15.4, 11.7, 19.6]], 'c9high': [[101.5], [10.3, 35.6, 24.3, 16.4]], 'kcmmmmm': [[96.8, 6.8, 31.5], [13.3], [19.0, 41.5, 15.7, 21.1, 16.6]], 'zerotka': [[36.2, 43.6, 31.6, 9.2]], 'bananaconda': [[14.4, 38.2, 22.7, 25.5, 58.8], [21.2, 11.9, 15.9], [55.4]], 'Tortuga-Man/steam': [[26.7, 53.0, 38.9, 17.0, 8.5]], 'marimo': [[56.7, 3.1, 1.8, 44.2, 8.6], [58.5, 23.0]], 'sergioc89': [[22.0, 65.1, 54.1, 12.3]], 'bloom': [[8.0, 10.9, 7.7, 24.2, 10.2, 10.7], [4.4, 13.7, 15.2, 6.2, 5.8]], 'magician1099': [[15.9, 26.5, 8.6, 24.0, 20.6], [14.8, 7.5, 32.3, 10.6, 7.4], [15.1, 34.9], [9.2, 8.3, 37.9, 11.4]], 'xryanmacx': [[12.4, 23.8, 10.4, 13.1], [5.6, 16.6, 8.5, 7.4, 3.2, 9.9, 14.0, 12.0]], 'dels': [[113.3], [23.4, 17.9, 22.3]], 'Augleb240/steam': [[1.3, 14.9, 25.3, 17.8, 30.6]], 'TheForgot3n1/steam': [[], [4.5, 13.0]], 'warningtrack': [[25.4, 4.9], [36.0, 21.1, 22.3, 12.5, 27.2], [42.8, 59.5, 24.6]], 'Cerinn/steam': [[17.3, 24.8, 22.5, 16.3, 14.6]], 'bayushi': [[10.4, 23.0, 7.3, 11.7, 25.8], [3.8, 31.0, 25.7, 21.5]], 's76561198202214763/steam': [[18.2, 30.7, 27.6, 14.3, 5.8]], 'ohgodaguy': [[107.7], [29.4, 24.9]], 'Ryooo*/steam': [[17.6, 10.5, 13.2, 23.1, 5.0, 5.4]], 'ibutra': [[61.1, 34.0, 16.9, 50.1]], 'moon': [[78.2, 19.2, 3.2]], 'jyaty': [[1.8, 124.4], [23.2, 10.4, 3.0, 0.6, 69.2, 16.0]], 'xemnes': [[19.5, 11.9, 20.6, 0.8, 3.1, 0.7]], 'c0vered/steam': [[78.0, 8.3]], 'the_usual_toaster/steam': [[60.3, 34.3, 25.4, 14.6], [10.5, 71.5], [30.7]], 'yoric': [[18.4, 53.1, 16.7]], 'gregdebonis': [[10.4, 6.8, 25.7, 4.2, 17.1], [64.0, 23.4, 25.1]], 'dukit': [[109.0, 69.4], [139.1, 1.5, 3.0, 2.9, 16.5, 3.0, 1.0]], 'gmantsang': [[138.4, 14.8], [19.9, 44.4, 7.3, 13.8], [52.6]], 'leftylink': [[17.9, 40.8]], 'rta': [[6.5, 18.4]], 'Kmars133/steam': [[24.4, 23.4, 23.8]], 'beanie': [[22.6, 22.5, 13.4], [13.4, 20.9]], 'incnone': [[10.7, 35.7, 19.9, 10.1, 47.4]], 'ventuskitsune': [[34.3, 21.2, 17.5, 23.0], [46.4, 9.3]], 'abearrawr': [[54.7, 30.3, 7.6, 12.9], [60.5, 20.9, 15.5]], 'kaplow': [[5.0, 8.1]], 'umbertofinito': [[15.8, 25.9, 22.7]], '4D/steam': [[8.7, 32.8, 11.0]], 'basiQ/steam': [[20.9, 22.2, 10.4, 27.0, 30.2, 13.2, 11.1]], 'Beanie/steam': [[21.8, 3.0, 0.5, 29.4]], 'smonteGaming/steam': [[4.0, 13.0, 25.4, 12.4, 41.9], [85.5, 23.8]], 'Vlady/steam': [[6.8, 18.0, 4.4, 14.5, 13.6, 18.2]], 'Frostie/steam': [[0.5, 65.0, 63.8], [10.6, 52.4, 8.7, 31.9], [69.5]], 'redscharlach': [[0.9, 30.2, 23.1]], 'mvem': [[29.5, 45.3, 28.2, 1.5]], 'furbyfubar': [[0.8, 3.1, 0.7, 25.1, 37.6, 44.3, 8.2, 19.9, 8.4], [14.6, 25.6, 70.1, 5.8], [37.3, 1.3, 3.1, 1.3, 52.1]], 'bitbandingpig': [[4.9, 22.1, 34.2, 23.1, 12.0, 17.0, 12.8]], 'hjkatz': [[2.9, 11.0, 10.4, 6.7, 65.5]]}

> notes:
                                                                                                         ^
There is a discrepancy between the two functional approaches. The generic, parameterized function does not identify
a desired event that is correctly accounted for by the specific, custom-built function.
The solution to this is more robust generic functions, such as 'event_sequence', or more advanced functions
that accurately analyze a specific event, such as 'conversationLengths'.


